1111111111111111111111111111111111111111111111111111111111111111111111111111111111111111111111111111111111111111111111111111111111111111111111111111111111111111111111111111111111111111111111111111111111111111111111111111111111111111111111111111111111111111
1                                                                                                                       M                                                                                                                                      1
1                                                                                                                                                                                                                                                              1
1                                                                                                                                                                                                                                                              1
1                                                                                                                                                                                                                                                              1
1                                                                                                                                                                                                                                                              1
1                                                                                                                                                                                                                                                              1
1                                                                                                                                                                                                                                                              1
1                                                                                                                                                                                                                                                              1
1                                                                                                                                                                                                                                                              1
1                                                                                                                                                                                                                                                              1
1                                                                                                                                                                                                                                                              1
1                                                                                                                                                                                                                                                              1
1                                                                                                                                                                                                                                                              1
1                                                                                                                                                                                                                                                              1
1                                                                                                                                                                                                                                                              1
1                                                                                                                                                                                                                                                              1
1                                                                                                                                                                                                                                                              1
1                                                                                                                                                                                                                                                              1
1                                                                                                                                                                                                                                                              1
1                                                                                                                                                                                                                                                              1
1                                                                                                                                                                                                                                                              1
1                                                                                                                                                                                                                                                              1
1                                                                                                                                                                                                                                                              1
1                                                                                                                                                                                                                                                              1
1                                                                                                                                                                                                                                                              1
1                                                                                                                                                                                                                                                              1
1                                                                                                                                                                                                                                                              1
1                                                                                                                                                                                                                                                              1
1                                                                                                                                                                                                                                                              1
1                                                                                                                                                                                                                                                              1
1                                                                                                                                                                                                                                                              1
1                                                                                                                                                                                                                                                              1
1                                                                                                                                                                                                                                                              1
1                                                                                                                                                                                                                                                              1
1                                                                                                                                                                                                                                                              1
1                                                                                                                                                                                                                                                              1
1                                                                                                                                                                                                                                                              1
1                                                                                                                                                                                                                                                              1
1                                                                                                                                                                                                                                                              1
1                                                                                                                                                                                                                                                              1
1                                                                                                                                                                                                                                                              1
1                                                                                                                                                                                                                                                              1
1                                                                                                                                                                                                                                                              1
1                                                                                                                                                                                                                                                              1
1                                                                                                                                                                                                                                                              1
1                                                                                                                                                                                                                                                              1
1                                                                                                                                                                                                                                                              1
1                                                                                                                                                                                                                                                              1
1                                                                                                                                                                                                                                                              1
1                                                                                                                                                                                                                                                              1
1                                                                                                                                                                                                                                                              1
1                                                                                                                                                                                                                                                              1
1                                                                                                                                                                                                                                                              1
1                                                                                                                                                                                                                                                              1
1                                                                                                                                                                                                                                                              1
1                                                                                                                                                                                                                                                              1
1                                                                                                                                                                                                                                                              1
1                                                                                                                                                                                                                                                              1
1                                                                                                                                                                                                                                                              1
1                                                                                                                                                                                                                                                              1
1                                                                                                                                                                                                                                                              1
1                                                                                                                                                                                                                                                              1
1                                                                                                                                                                                                                                                              1
1                                                                                                                                                                                                                                                              1
1                                                                                                                                                                                                                                                              1
1                                                                                                                                                                                                                                                              1
1                                                                                                                                                                                                                                                              1
1                                                                                                                                                                                                                                                              1
1                                                                                                                                                                                                                                                              1
1                                                                                                                                                                                                                                                              1
1                                                                                                                                                                                                                                                              1
1                                                                                                                                                                                                                                                              1
1                                                                                                                                                                                                                                                              1
1                                                                                                                                                                                                                                                              1
1                                                                                                                                                                                                                                                              1
1                                                                                                                                                                                                                                                              1
1                                                                                                                                                                                                                                                              1
1                                                                                                                                                                                                                                                              1
1                                                                                                                                                                                                                                                              1
1                                                                                                                                                                                                                                                              1
1                                                                                                                                                                                                                                                              1
1                                                                                                                                                                                                                                                              1
1                                                                                                                                                                                                                                                              1
1                                                                                                                                                                                                                                                              1
1                                                                                                                                                                                                                                                              1
1                                                                                                                                                                                                                                                              1
1                                                                                                                                                                                                                                                              1
1                                                                                                                                                                                                                                                              1
1                                                                                                                                                                                                                                                              1
1                                                                                                                                                                                                                                                              1
1                                                                                                                                                                                                                                                              1
1                                                                                                                                                                                                                                                              1
1                                                                                                                                                                                                                                                              1
1                                                                                                                                                                                                                                                              1
1                                                                                                                                                                                                                                                              1
1                                                                                                                                                                                                                                                              1
1                                                                                                                                                                                                                                                              1
1                                                                                                                                                                                                                                                              1
1                                                                                                                                                                                                                                                              1
1                                                                                                                                                                                                                                                              1
1                                                                                                                                                                                                                                                              1
1                                                                                                                                                                                                                                                              1
1                                                                                                                                                                                                                                                              1
1                                                                                                                                                                                                                                                              1
1                                                                                                                                                                                                                                                              1
1                                                                                                                                                                                                                                                              1
1                                                                                                                                                                                                                                                              1
1                                                                                                                                                                                                                                                              1
1                                                                                                                                                                                                                                                              1
1                                                                                                                                                                                                                                                              1
1                                                                                                                                                                                                                                                              1
1                                                                                                                                                                                                                                                              1
1                                                                                                                                                                                                                                                              1
1                                                                                                                                                                                                                                                              1
1                                                                                                                                                                                                                                                              1
1                                                                                                                                                                                                                                                              1
1                                                                                                                                                                                                                                                              1
1                                                                                                                                                                                                                                                              1
1                                                                                                                                                                                                                                                              1
1                                                                                                                                                                                                                                                              1
1                                                                                                                                                                                                                                                              1
1                                                                                                                                                                                                                                                              1
1                                                                                                                                                                                                                                                              1
1                                                                                                                                                                                                                                                              1
1                                                                                                                                                                                                                                                              1
1                                                                                                                                                                                                                                                              1
1                                                                                                                                                                                                                                                              1
1                                                                                                                                                                                                                                                              1
1                                                                                                                                                                                                                                                              1
1                                                                                                                                                                                                                                                              1
1                                                                                                                                                                                                                                                              1
1                                                                                                                                                                                                                                                              1
1                                                                                                                                                                                                                                                              1
1                                                                                                                                                                                                                                                              1
1                                                                                                                                                                                                                                                              1
1                                                                                                                                                                                                                                                              1
1                                                                                                                                                                                                                                                              1
1                                                                                                                                                                                                                                                              1
1                                                                                                                                                                                                                                                              1
1                                                                                                                                                                                                                                                              1
1                                                                                                                                                                                                                                                              1
1                                                                                                                                                                                                                                                              1
1                                                                                                                                                                                                                                                              1
1                                                                                                                                                                                                                                                              1
1                                                                                                                                                                                                                                                              1
1                                                                                                                                                                                                                                                              1
1                                                                                                                                                                                                                                                              1
1                                                                                                                                                                                                                                                              1
1                                                                                                                                                                                                                                                              1
1                                                                                                                                                                                                                                                              1
1                                                                                                                                                                                                                                                              1
1                                                                                                                                                                                                                                                              1
1                                                                                                                                                                                                                                                              1
1                                                                                                                                                                                                                                                              1
1                                                                                                                                                                                                                                                              1
1                                                                                                                                                                                                                                                              1
1                                                                                                                                                                                                                                                              1
1                                                                                                                                                                                                                                                              1
1                                                                                                                                                                                                                                                              1
1                                                                                                                                                                                                                                                              1
1                                                                                                                                                                                                                                                              1
1                                                                                                                                                                                                                                                              1
1                                                                                                                                                                                                                                                              1
1                                                                                                                                                                                                                                                              1
1                                                                                                                                                                                                                                                              1
1                                                                                                                                                                                                                                                              1
1                                                                                                                                                                                                                                                              1
1                                                                                                                                                                                                                                                              1
1                                                                                                                                                                                                                                                              1
1                                                                                                                                                                                                                                                              1
1                                                                                                                                                                                                                                                              1
1                                                                                                                                                                                                                                                              1
1                                                                                                                                                                                                                                                              1
1                                                                                                                                                                                                                                                              1
1                                                                                                                                                                                                                                                              1
1                                                                                                                                                                                                                                                              1
1                                                                                                                                                                                                                                                              1
1                                                                                                                                                                                                                                                              1
1                                                                                                                                                                                                                                                              1
1                                                                                                                                                                                                                                                              1
1                                                                                                                                                                                                                                                              1
1                                                                                                                                                                                                                                                              1
1                                                                                                                                                                                                                                                              1
1                                                                                                                                                                                                                                                              1
1                                                                                                                                                                                                                                                              1
1                                                                                                                                                                                                                                                              1
1                                                                     O                                                                                                                                                                                        1
1                                                                                                                                                                                                                                                              1
1                                                                                                                                                                                                                                                              1
1                                                                                                                                                                                                                                                              1
1111111111111111111111111111111111111111111111111111111111111111111111111111111111111111111111111111111111111111111111111111111111111111111111111111111111111111111111111111111111111111111111111111111111111111111111111111111111111111111111111111111111111111